18 
25 
32 
40 
55 
62 
70 
78 
81 
88 
96 
103 
111 
118 
17 
25 
32 
39 
46 
54 
64 
72 
80 
87 
94 
102 
110 
118 
125 
133 
140 
148 
155 
163 
171 
179 
186 
194 
201 
208 
215 
223 
226 
234 
236 
244 
252 
256 
259 
266 
273 
280 
287 
294 
301 
308 
315 
323 
329 
336 
343 
350 
357 
364 
371 
379 
387 
394 
403 
412 
420 
428 
436 
444 
452 
460 
467 
475 
483 
490 
497 
505 
513 
520 
527 
535 
543 
546 
554 
562 
566 
575 
579 
586 
594 
601 
609 
617 
624 
632 
639 
646 
653 
661 
666 
673 
681 
686 
694 
701 
706 
714 
722 
725 
732 
739 
746 
753 
760 
768 
776 
784 
791 
799 
806 
810 
817 
825 
